 Mach Number             Cd Rocket - (Unpowered)
 0.00000000000000E+0000  4.66940320586164E-0001 
 1.20000000000000E-0002  3.86190333768072E-0001 
 2.40000000000000E-0002  4.18951704423748E-0001 
 3.60000000000000E-0002  4.04000431123007E-0001 
 4.80000000000000E-0002  3.93580922938208E-0001 
 6.00000000000000E-0002  3.85642904014329E-0001 
 7.20000000000000E-0002  3.79263034829100E-0001 
 8.40000000000000E-0002  3.73947811373955E-0001 
 9.60000000000000E-0002  3.69403249594047E-0001 
 1.08000000000000E-0001  3.65440488405888E-0001 
 1.20000000000000E-0001  3.61931237822479E-0001 
 1.32000000000000E-0001  3.58784522977195E-0001 
 1.44000000000000E-0001  3.55933585538111E-0001 
 1.56000000000000E-0001  3.53328052867040E-0001 
 1.68000000000000E-0001  3.50929025689343E-0001 
 1.80000000000000E-0001  3.48705871768617E-0001 
 1.92000000000000E-0001  3.46634062142513E-0001 
 2.04000000000000E-0001  3.44693668819561E-0001 
 2.16000000000000E-0001  3.42868295824099E-0001 
 2.28000000000000E-0001  3.41144302138820E-0001 
 2.40000000000000E-0001  3.39510226100230E-0001 
 2.52000000000000E-0001  3.37990176056623E-0001 
 2.64000000000000E-0001  3.36708947066230E-0001 
 2.76000000000000E-0001  3.35488910809391E-0001 
 2.88000000000000E-0001  3.34324137350142E-0001 
 3.00000000000000E-0001  3.33209459889738E-0001 
 3.12000000000000E-0001  3.32140352179888E-0001 
 3.24000000000000E-0001  3.31112829410743E-0001 
 3.36000000000000E-0001  3.30123367399385E-0001 
 3.48000000000000E-0001  3.29168836184793E-0001 
 3.60000000000000E-0001  3.28246445066405E-0001 
 3.72000000000000E-0001  3.27353696808902E-0001 
 3.84000000000000E-0001  3.26488349246224E-0001 
 3.96000000000000E-0001  3.25648382901754E-0001 
 4.08000000000000E-0001  3.24831973533258E-0001 
 4.20000000000000E-0001  3.24037468734719E-0001 
 4.32000000000000E-0001  3.23263367900004E-0001 
 4.44000000000000E-0001  3.22508304987966E-0001 
 4.56000000000000E-0001  3.21771033634274E-0001 
 4.68000000000000E-0001  3.21050414238816E-0001 
 4.80000000000000E-0001  3.20345402724060E-0001 
 4.92000000000000E-0001  3.19655040712943E-0001 
 5.04000000000000E-0001  3.18978446917825E-0001 
 5.16000000000000E-0001  3.18314809566733E-0001 
 5.28000000000000E-0001  3.17663379721470E-0001 
 5.40000000000000E-0001  3.17023465365277E-0001 
 5.52000000000000E-0001  3.16394426156846E-0001 
 5.64000000000000E-0001  3.15775668763167E-0001 
 5.76000000000000E-0001  3.15166642696792E-0001 
 5.88000000000000E-0001  3.14566836593978E-0001 
 6.00000000000000E-0001  3.13975774879266E-0001 
 6.12000000000000E-0001  3.13153775108141E-0001 
 6.24000000000000E-0001  3.12316451459750E-0001 
 6.36000000000000E-0001  3.11628354064460E-0001 
 6.48000000000000E-0001  3.11028639833563E-0001 
 6.60000000000000E-0001  3.10545722532127E-0001 
 6.72000000000000E-0001  3.10389148410492E-0001 
 6.84000000000000E-0001  3.10563366119641E-0001 
 6.96000000000000E-0001  3.11068274854493E-0001 
 7.08000000000000E-0001  3.11958682126004E-0001 
 7.20000000000000E-0001  3.13412928779007E-0001 
 7.32000000000000E-0001  3.15554991561422E-0001 
 7.44000000000000E-0001  3.18373126225035E-0001 
 7.56000000000000E-0001  3.21763841179252E-0001 
 7.68000000000000E-0001  3.25727207485208E-0001 
 7.80000000000000E-0001  3.30263295279472E-0001 
 7.92000000000000E-0001  3.35372173784187E-0001 
 8.04000000000000E-0001  3.41053021308762E-0001 
 8.16000000000000E-0001  3.47294361852966E-0001 
 8.28000000000000E-0001  3.54092802004175E-0001 
 8.40000000000000E-0001  3.61448549367052E-0001 
 8.52000000000000E-0001  3.69376886093183E-0001 
 8.64000000000000E-0001  3.78504318727945E-0001 
 8.76000000000000E-0001  3.89271997955210E-0001 
 8.88000000000000E-0001  4.01680275237666E-0001 
 9.00000000000000E-0001  4.15729534446502E-0001 
 9.12000000000000E-0001  4.31420190997005E-0001 
 9.24000000000000E-0001  4.48752690911733E-0001 
 9.36000000000000E-0001  4.67727509813880E-0001 
 9.48000000000000E-0001  4.88345151853605E-0001 
 9.60000000000000E-0001  5.10606148570264E-0001 
 9.72000000000000E-0001  5.34511057693582E-0001 
 9.84000000000000E-0001  5.60060461886948E-0001 
 9.96000000000000E-0001  5.87254967436144E-0001 
 1.00800000000000E+0000  6.15944020520669E-0001 
 1.02000000000000E+0000  6.46205368743107E-0001 
 1.03200000000000E+0000  6.78115598161221E-0001 
 1.04400000000000E+0000  7.11675420909628E-0001 
 1.05600000000000E+0000  7.26730973866251E-0001 
 1.06800000000000E+0000  7.15961728552514E-0001 
 1.08000000000000E+0000  7.05308388727414E-0001 
 1.09200000000000E+0000  6.97528640399149E-0001 
 1.10400000000000E+0000  6.90102459322431E-0001 
 1.11600000000000E+0000  6.84376409700580E-0001 
 1.12800000000000E+0000  6.78749644347182E-0001 
 1.14000000000000E+0000  6.73218526188087E-0001 
 1.15200000000000E+0000  6.67867410996045E-0001 
 1.16400000000000E+0000  6.63031191260561E-0001 
 1.17600000000000E+0000  6.58281041104831E-0001 
 1.18800000000000E+0000  6.53614162169918E-0001 
 1.20000000000000E+0000  6.49149600393773E-0001 
