 Mach Number             (Cl)alpha - Rocket     
 0.00000000000000E+0000  1.88715679344817E+0001 
 1.20000000000000E-0002  1.90082590659025E+0001 
 2.40000000000000E-0002  1.91474636842424E+0001 
 3.60000000000000E-0002  1.92128228720234E+0001 
 4.80000000000000E-0002  1.92439972766691E+0001 
 6.00000000000000E-0002  1.92578759878045E+0001 
 7.20000000000000E-0002  1.92618537438246E+0001 
 8.40000000000000E-0002  1.92598149175117E+0001 
 9.60000000000000E-0002  1.92540427966451E+0001 
 1.08000000000000E-0001  1.92459861918374E+0001 
 1.20000000000000E-0001  1.92366164599118E+0001 
 1.32000000000000E-0001  1.92266121886172E+0001 
 1.44000000000000E-0001  1.92164625622943E+0001 
 1.56000000000000E-0001  1.92065288836666E+0001 
 1.68000000000000E-0001  1.91970830470302E+0001 
 1.80000000000000E-0001  1.91883325970061E+0001 
 1.92000000000000E-0001  1.91804376163428E+0001 
 2.04000000000000E-0001  1.91712563941808E+0001 
 2.16000000000000E-0001  1.91617086593820E+0001 
 2.28000000000000E-0001  1.91535353754360E+0001 
 2.40000000000000E-0001  1.91467720584483E+0001 
 2.52000000000000E-0001  1.91414442618056E+0001 
 2.64000000000000E-0001  1.91375695015735E+0001 
 2.76000000000000E-0001  1.91351587519930E+0001 
 2.88000000000000E-0001  1.91342176216945E+0001 
 3.00000000000000E-0001  1.91347472894573E+0001 
 3.12000000000000E-0001  1.91367452565803E+0001 
 3.24000000000000E-0001  1.91402059577714E+0001 
 3.36000000000000E-0001  1.91451212617390E+0001 
 3.48000000000000E-0001  1.91514808849699E+0001 
 3.60000000000000E-0001  1.91592727365811E+0001 
 3.72000000000000E-0001  1.91684832080081E+0001 
 3.84000000000000E-0001  1.91790974182232E+0001 
 3.96000000000000E-0001  1.91910994228690E+0001 
 4.08000000000000E-0001  1.92044723939358E+0001 
 4.20000000000000E-0001  1.92191987752658E+0001 
 4.32000000000000E-0001  1.92352604181305E+0001 
 4.44000000000000E-0001  1.92526387003119E+0001 
 4.56000000000000E-0001  1.92713146314875E+0001 
 4.68000000000000E-0001  1.92912689472131E+0001 
 4.80000000000000E-0001  1.93124821933989E+0001 
 4.92000000000000E-0001  1.93349348028567E+0001 
 5.04000000000000E-0001  1.93586624950145E+0001 
 5.16000000000000E-0001  1.93843649679142E+0001 
 5.28000000000000E-0001  1.94122440327594E+0001 
 5.40000000000000E-0001  1.94422803189479E+0001 
 5.52000000000000E-0001  1.94744546462769E+0001 
 5.64000000000000E-0001  1.95087480755947E+0001 
 5.76000000000000E-0001  1.95451419575404E+0001 
 5.88000000000000E-0001  1.95836179798449E+0001 
 6.00000000000000E-0001  1.96241582136123E+0001 
 6.12000000000000E-0001  1.96659260930406E+0001 
 6.24000000000000E-0001  1.97080855267043E+0001 
 6.36000000000000E-0001  1.97506200088734E+0001 
 6.48000000000000E-0001  1.97935135993277E+0001 
 6.60000000000000E-0001  1.98367509697282E+0001 
 6.72000000000000E-0001  1.98803174509029E+0001 
 6.84000000000000E-0001  1.99241990813225E+0001 
 6.96000000000000E-0001  1.99683826570374E+0001 
 7.08000000000000E-0001  2.00128557833514E+0001 
 7.20000000000000E-0001  2.00576069285090E+0001 
 7.32000000000000E-0001  2.01026254796828E+0001 
 7.44000000000000E-0001  2.01479018015572E+0001 
 7.56000000000000E-0001  2.01934272978176E+0001 
 7.68000000000000E-0001  2.02391944758732E+0001 
 7.80000000000000E-0001  2.02851970151586E+0001 
 7.92000000000000E-0001  2.03314298393867E+0001 
 8.04000000000000E-0001  2.03778891931498E+0001 
 8.16000000000000E-0001  2.04245727232995E+0001 
 8.28000000000000E-0001  2.04714795655707E+0001 
 8.40000000000000E-0001  2.05186104369573E+0001 
 8.52000000000000E-0001  2.05659677343928E+0001 
 8.64000000000000E-0001  2.06135556403423E+0001 
 8.76000000000000E-0001  2.06613802359714E+0001 
 8.88000000000000E-0001  2.07094496226266E+0001 
 9.00000000000000E-0001  2.07577740524357E+0001 
 9.12000000000000E-0001  2.08063660689245E+0001 
 9.24000000000000E-0001  2.08552406586443E+0001 
 9.36000000000000E-0001  2.09044154149145E+0001 
 9.48000000000000E-0001  2.09539107149104E+0001 
 9.60000000000000E-0001  2.10037499114710E+0001 
 9.72000000000000E-0001  2.10539595411619E+0001 
 9.84000000000000E-0001  2.11045695503181E+0001 
 9.96000000000000E-0001  2.11556135410003E+0001 
 1.00800000000000E+0000  2.12081828016654E+0001 
 1.02000000000000E+0000  2.12933920107278E+0001 
 1.03200000000000E+0000  2.14136371159728E+0001 
 1.04400000000000E+0000  2.15689181174006E+0001 
 1.05600000000000E+0000  2.17205276869574E+0001 
 1.06800000000000E+0000  2.18664956186294E+0001 
 1.08000000000000E+0000  2.18566295850502E+0001 
 1.09200000000000E+0000  2.18474345471382E+0001 
 1.10400000000000E+0000  2.18557938145055E+0001 
 1.11600000000000E+0000  2.18819842124670E+0001 
 1.12800000000000E+0000  2.19262097108926E+0001 
 1.14000000000000E+0000  2.19800696261793E+0001 
 1.15200000000000E+0000  2.19467234865118E+0001 
 1.16400000000000E+0000  2.19108666401340E+0001 
 1.17600000000000E+0000  2.18728871150536E+0001 
 1.18800000000000E+0000  2.18333337423860E+0001 
 1.20000000000000E+0000  2.17928931504323E+0001 
