 Mach Number             (X)cp - Rocket         
 0.00000000000000E+0000  1.01246947742557E+0003 
 1.20000000000000E-0002  1.01603371692851E+0003 
 2.40000000000000E-0002  1.01952604526246E+0003 
 3.60000000000000E-0002  1.02227007490337E+0003 
 4.80000000000000E-0002  1.02465132207698E+0003 
 6.00000000000000E-0002  1.02682892739940E+0003 
 7.20000000000000E-0002  1.02887123689788E+0003 
 8.40000000000000E-0002  1.03081333671933E+0003 
 9.60000000000000E-0002  1.03267528183986E+0003 
 1.08000000000000E-0001  1.03446937850019E+0003 
 1.20000000000000E-0001  1.03620356270003E+0003 
 1.32000000000000E-0001  1.03788314240225E+0003 
 1.44000000000000E-0001  1.03951176999894E+0003 
 1.56000000000000E-0001  1.04109201964773E+0003 
 1.68000000000000E-0001  1.04262574735708E+0003 
 1.80000000000000E-0001  1.04411432478832E+0003 
 1.92000000000000E-0001  1.04555879618723E+0003 
 2.04000000000000E-0001  1.04694273292975E+0003 
 2.16000000000000E-0001  1.04827348056001E+0003 
 2.28000000000000E-0001  1.04956436535545E+0003 
 2.40000000000000E-0001  1.05081570242938E+0003 
 2.52000000000000E-0001  1.05202782302000E+0003 
 2.64000000000000E-0001  1.05320109024481E+0003 
 2.76000000000000E-0001  1.05433591074494E+0003 
 2.88000000000000E-0001  1.05543274324661E+0003 
 3.00000000000000E-0001  1.05649210477478E+0003 
 3.12000000000000E-0001  1.05751457505412E+0003 
 3.24000000000000E-0001  1.05850079949309E+0003 
 3.36000000000000E-0001  1.05945149104864E+0003 
 3.48000000000000E-0001  1.06036743119838E+0003 
 3.60000000000000E-0001  1.06124947019569E+0003 
 3.72000000000000E-0001  1.06209852674544E+0003 
 3.84000000000000E-0001  1.06291558720989E+0003 
 3.96000000000000E-0001  1.06370170443309E+0003 
 4.08000000000000E-0001  1.06445799625605E+0003 
 4.20000000000000E-0001  1.06518564378264E+0003 
 4.32000000000000E-0001  1.06588588944672E+0003 
 4.44000000000000E-0001  1.06656003492335E+0003 
 4.56000000000000E-0001  1.06720943892177E+0003 
 4.68000000000000E-0001  1.06783551489273E+0003 
 4.80000000000000E-0001  1.06843972867981E+0003 
 4.92000000000000E-0001  1.06902359614163E+0003 
 5.04000000000000E-0001  1.06958760788339E+0003 
 5.16000000000000E-0001  1.07011943374140E+0003 
 5.28000000000000E-0001  1.07061650858726E+0003 
 5.40000000000000E-0001  1.07108070215645E+0003 
 5.52000000000000E-0001  1.07151402511575E+0003 
 5.64000000000000E-0001  1.07191862482219E+0003 
 5.76000000000000E-0001  1.07229678106189E+0003 
 5.88000000000000E-0001  1.07265090181022E+0003 
 6.00000000000000E-0001  1.07298351905725E+0003 
 6.12000000000000E-0001  1.07329226899730E+0003 
 6.24000000000000E-0001  1.07357498790559E+0003 
 6.36000000000000E-0001  1.07383467624743E+0003 
 6.48000000000000E-0001  1.07407443737349E+0003 
 6.60000000000000E-0001  1.07429747685559E+0003 
 6.72000000000000E-0001  1.07450710235797E+0003 
 6.84000000000000E-0001  1.07470672414393E+0003 
 6.96000000000000E-0001  1.07489985634296E+0003 
 7.08000000000000E-0001  1.07509011913645E+0003 
 7.20000000000000E-0001  1.07528124206362E+0003 
 7.32000000000000E-0001  1.07547706870828E+0003 
 7.44000000000000E-0001  1.07568156310665E+0003 
 7.56000000000000E-0001  1.07589881832528E+0003 
 7.68000000000000E-0001  1.07613306780977E+0003 
 7.80000000000000E-0001  1.07638870031746E+0003 
 7.92000000000000E-0001  1.07667027955124E+0003 
 8.04000000000000E-0001  1.07698257005288E+0003 
 8.16000000000000E-0001  1.07733057156696E+0003 
 8.28000000000000E-0001  1.07771956507321E+0003 
 8.40000000000000E-0001  1.07815517521056E+0003 
 8.52000000000000E-0001  1.07864345623932E+0003 
 8.64000000000000E-0001  1.07919101265349E+0003 
 8.76000000000000E-0001  1.07980517227192E+0003 
 8.88000000000000E-0001  1.08049424147754E+0003 
 9.00000000000000E-0001  1.08126789414600E+0003 
 9.12000000000000E-0001  1.08213778852573E+0003 
 9.24000000000000E-0001  1.08311859561596E+0003 
 9.36000000000000E-0001  1.08422982558800E+0003 
 9.48000000000000E-0001  1.08549935304796E+0003 
 9.60000000000000E-0001  1.08697104846234E+0003 
 9.72000000000000E-0001  1.08872436423729E+0003 
 9.84000000000000E-0001  1.09094139069119E+0003 
 9.96000000000000E-0001  1.09436705145794E+0003 
 1.00800000000000E+0000  1.10846756939660E+0003 
 1.02000000000000E+0000  1.10921659911757E+0003 
 1.03200000000000E+0000  1.11008571515321E+0003 
 1.04400000000000E+0000  1.11113157110370E+0003 
 1.05600000000000E+0000  1.11201483020939E+0003 
 1.06800000000000E+0000  1.11273830008650E+0003 
 1.08000000000000E+0000  1.11272461318190E+0003 
 1.09200000000000E+0000  1.11275457723148E+0003 
 1.10400000000000E+0000  1.11291125845858E+0003 
 1.11600000000000E+0000  1.11319386699590E+0003 
 1.12800000000000E+0000  1.11360004412531E+0003 
 1.14000000000000E+0000  1.11408434825398E+0003 
 1.15200000000000E+0000  1.11417012494299E+0003 
 1.16400000000000E+0000  1.11427004243595E+0003 
 1.17600000000000E+0000  1.11438296514354E+0003 
 1.18800000000000E+0000  1.11450852588026E+0003 
 1.20000000000000E+0000  1.11464704887434E+0003 
